 222 195 229  34  61 169  90 129 133  42  63 219 216  43 122 167
 242  36 103 116 211 141 139  56 139  57 116 148  35 171  57  13
 143 222 237 110  17 230 205 235 225 142 147 112 221 236  35  65
   3  98 104 154 243  99  95 207  11 185  84  80  77 220 252  92
  27 121 215 102 213  94  80  70   1 151 209 201 221  71 183   2
 176  71  12  94 169  15  39 230  94  49  48  22 242 159 222 109
 166   8 252 250  10 233  50 250   3 251 198 249 178  66 245 184
 197 204  44 229  17 101  59 110 118  43  68 191  63  13 158 181
 195  40 247 138 118 123 104 187  84 146  75  26  45  86  42 121
 154  57 200  78 219 147
